000001_1.jpg 40.44 -80 25.74
000001_2.jpg 40.44 -80 295.74
000001_3.jpg 40.44 -80 205.74
000001_4.jpg 40.44 -80 115.74
000001_5.jpg 40.44 -80 -1.0
000002_1.jpg 40.44 -80.007 29.24
000002_2.jpg 40.44 -80.007 299.24
000002_3.jpg 40.44 -80.007 209.24
000002_4.jpg 40.44 -80.007 119.24
000002_5.jpg 40.44 -80.007 -1.0
000003_1.jpg 40.44 -80.007 28.96
000003_2.jpg 40.44 -80.007 298.96
000003_3.jpg 40.44 -80.007 208.96
000003_4.jpg 40.44 -80.007 118.96
000003_5.jpg 40.44 -80.007 -1.0
000004_1.jpg 40.44 -80.007 28.68
000004_2.jpg 40.44 -80.007 298.68
000004_3.jpg 40.44 -80.007 208.68
000004_4.jpg 40.44 -80.007 118.68
000004_5.jpg 40.44 -80.007 -1.0
000005_1.jpg 40.44 -80.007 28.4
000005_2.jpg 40.44 -80.007 298.4
000005_3.jpg 40.44 -80.007 208.4
000005_4.jpg 40.44 -80.007 118.4
000005_5.jpg 40.44 -80.007 -1.0
000006_1.jpg 40.44 -80 28.12
000006_2.jpg 40.44 -80 298.12
000006_3.jpg 40.44 -80 208.12
000006_4.jpg 40.44 -80 118.12
000006_5.jpg 40.44 -80 -1.0
000007_1.jpg 40.44 -80.006 27.84
000007_2.jpg 40.44 -80.006 297.84
000007_3.jpg 40.44 -80.006 207.84
000007_4.jpg 40.44 -80.006 117.84
000007_5.jpg 40.44 -80.006 -1.0
000008_1.jpg 40.44 -80.006 27.56
000008_2.jpg 40.44 -80.006 297.56
000008_3.jpg 40.44 -80.006 207.56
000008_4.jpg 40.44 -80.006 117.56
000008_5.jpg 40.44 -80.006 -1.0
000009_1.jpg 40.44 -80.006 27.27
000009_2.jpg 40.44 -80.006 297.27
000009_3.jpg 40.44 -80.006 207.27
000009_4.jpg 40.44 -80.006 117.27
000009_5.jpg 40.44 -80.006 -1.0
000010_1.jpg 40.44 -80.006 26.99
000010_2.jpg 40.44 -80.006 296.99
000010_3.jpg 40.44 -80.006 206.99
000010_4.jpg 40.44 -80.006 116.99
000010_5.jpg 40.44 -80.006 -1.0
000011_1.jpg 40.44 -80.006 26.71
000011_2.jpg 40.44 -80.006 296.71
000011_3.jpg 40.44 -80.006 206.71
000011_4.jpg 40.44 -80.006 116.71
000011_5.jpg 40.44 -80.006 -1.0
000012_1.jpg 40.44 -80.006 26.43
000012_2.jpg 40.44 -80.006 296.43
000012_3.jpg 40.44 -80.006 206.43
000012_4.jpg 40.44 -80.006 116.43
000012_5.jpg 40.44 -80.006 -1.0
000013_1.jpg 40.44 -80.005 26.15
000013_2.jpg 40.44 -80.005 296.15
000013_3.jpg 40.44 -80.005 206.15
000013_4.jpg 40.44 -80.005 116.15
000013_5.jpg 40.44 -80.005 -1.0
000014_1.jpg 40.44 -80.005 25.87
000014_2.jpg 40.44 -80.005 295.87
000014_3.jpg 40.44 -80.005 205.87
000014_4.jpg 40.44 -80.005 115.87
000014_5.jpg 40.44 -80.005 -1.0
000015_1.jpg 40.44 -80.005 25.59
000015_2.jpg 40.44 -80.005 295.59
000015_3.jpg 40.44 -80.005 205.59
000015_4.jpg 40.44 -80.005 115.59
000015_5.jpg 40.44 -80.005 -1.0
000016_1.jpg 40.44 -80.005 25.31
000016_2.jpg 40.44 -80.005 295.31
000016_3.jpg 40.44 -80.005 205.31
000016_4.jpg 40.44 -80.005 115.31
000016_5.jpg 40.44 -80.005 -1.0
000017_1.jpg 40.44 -80.005 25.02
000017_2.jpg 40.44 -80.005 295.02
000017_3.jpg 40.44 -80.005 205.02
000017_4.jpg 40.44 -80.005 115.02
000017_5.jpg 40.44 -80.005 -1.0
000018_1.jpg 40.439 -80.004 24.74
000018_2.jpg 40.439 -80.004 294.74
000018_3.jpg 40.439 -80.004 204.74
000018_4.jpg 40.439 -80.004 114.74
000018_5.jpg 40.439 -80.004 -1.0
000019_1.jpg 40.439 -80.004 24.46
000019_2.jpg 40.439 -80.004 294.46
000019_3.jpg 40.439 -80.004 204.46
000019_4.jpg 40.439 -80.004 114.46
000019_5.jpg 40.439 -80.004 -1.0
000020_1.jpg 40.439 -80.004 24.18
000020_2.jpg 40.439 -80.004 294.18
000020_3.jpg 40.439 -80.004 204.18
000020_4.jpg 40.439 -80.004 114.18
000020_5.jpg 40.439 -80.004 -1.0